xof 0303txt 0032
template VertexDuplicationIndices {
 <b8d65549-d7c9-4995-89cf-53a9a8b031e3>
 DWORD nIndices;
 DWORD nOriginalVertices;
 array DWORD indices[nIndices];
}

template EffectParamDWord {
 <e13963bc-ae51-4c5d-b00f-cfa3a9d97ce5>
 STRING ParamName;
 DWORD Value;
}

template FVFData {
 <b6e70a0e-8ef9-4e83-94ad-ecc8b0c04897>
 DWORD dwFVF;
 DWORD nDWords;
 array DWORD data[nDWords];
}

template EffectFloats {
 <f1cfe2b3-0de3-4e28-afa1-155a750a282d>
 DWORD nFloats;
 array FLOAT Floats[nFloats];
}

template EffectString {
 <d55b097e-bdb6-4c52-b03d-6051c89d0e42>
 STRING Value;
}

template EffectDWord {
 <622c0ed0-956e-4da9-908a-2af94f3ce716>
 DWORD Value;
}

template EffectInstance {
 <e331f7e4-0559-4cc2-8e99-1cec1657928f>
 STRING EffectFilename;
 [...]
}

template AnimTicksPerSecond {
 <9e415a43-7ba6-4a73-8743-b73d47e88476>
 DWORD AnimTicksPerSecond;
}

template VertexElement {
 <f752461c-1e23-48f6-b9f8-8350850f336f>
 DWORD Type;
 DWORD Method;
 DWORD Usage;
 DWORD UsageIndex;
}

template DeclData {
 <bf22e553-292c-4781-9fea-62bd554bdd93>
 DWORD nElements;
 array VertexElement Elements[nElements];
 DWORD nDWords;
 array DWORD data[nDWords];
}

template EffectParamFloats {
 <3014b9a0-62f5-478c-9b86-e4ac9f4e418b>
 STRING ParamName;
 DWORD nFloats;
 array FLOAT Floats[nFloats];
}

template EffectParamString {
 <1dbc4c88-94c1-46ee-9076-2c28818c9481>
 STRING ParamName;
 STRING Value;
}


AnimTicksPerSecond {
 4800;
}

Frame {
 

 FrameTransformMatrix {
  1.000000,0.000000,0.000000,0.000000,0.000000,1.000000,0.000000,0.000000,0.000000,0.000000,1.000000,0.000000,0.000000,0.000000,0.000000,1.000000;;
 }

 Frame stormcrow_Bone_Root {
  

  FrameTransformMatrix {
   0.000000,0.000000,-0.500000,0.000000,0.000000,0.500000,0.000000,0.000000,0.500000,0.000000,0.000000,0.000000,0.000000,0.000000,0.000000,1.000000;;
  }

  Frame stormcrow_Bone0 {
   

   FrameTransformMatrix {
    -0.015180,0.808441,0.588381,0.000000,-0.999397,-0.030644,0.016320,0.000000,0.031224,-0.587779,0.808419,0.000000,0.297085,3.514391,0.717578,1.000000;;
   }

   Frame stormcrow_Bone1_Root {
    

    FrameTransformMatrix {
     0.944019,-0.031737,-0.328359,0.000000,0.036304,0.999310,0.007788,0.000000,0.327886,-0.019273,0.944521,0.000000,-0.167131,-0.034612,0.000000,1.000000;;
    }

    Frame stormcrow_Bone5 {
     

     FrameTransformMatrix {
      1.000000,0.000000,0.000000,0.000000,0.000000,1.000000,0.000000,0.000000,0.000000,0.000000,1.000000,0.000000,-0.321484,-0.153162,0.000000,1.000000;;
     }

     Frame stormcrow_Bone16 {
      

      FrameTransformMatrix {
       0.925652,0.378376,0.000000,0.000000,-0.378376,0.925652,0.000000,0.000000,0.000000,0.000000,1.000000,0.000000,0.014970,-0.038930,0.000000,1.000000;;
      }

      Frame stormcrow_Bone17 {
       

       FrameTransformMatrix {
        0.920884,0.389836,0.000000,0.000000,-0.389836,0.920884,0.000000,0.000000,0.000000,0.000000,1.000000,0.000000,-0.228744,-0.133240,0.000000,1.000000;;
       }
      }
     }
    }

    Frame stormcrow_Bone45 {
     

     FrameTransformMatrix {
      1.000000,0.000000,0.000000,0.000000,0.000000,1.000000,0.000000,0.000000,0.000000,0.000000,1.000000,0.000000,-0.270234,0.021858,0.002552,1.000000;;
     }
    }
   }

   Frame stormcrow_Bone2 {
    

    FrameTransformMatrix {
     0.987484,-0.153497,0.036268,0.000000,0.157541,0.970962,-0.180037,0.000000,-0.007579,0.183497,0.982991,0.000000,0.152941,-0.002200,0.000000,1.000000;;
    }

    Frame stormcrow_Bone6 {
     

     FrameTransformMatrix {
      0.853620,-0.519282,0.040979,0.000000,0.455409,0.705802,-0.542629,0.000000,0.252855,0.481861,0.838972,0.000000,0.464466,-0.038957,-0.000432,1.000000;;
     }

     Frame stormcrow_Bone11 {
      

      FrameTransformMatrix {
       0.915624,-0.212465,-0.341307,0.000000,0.208605,0.976800,-0.048438,0.000000,0.343680,-0.026847,0.938703,0.000000,0.144460,-0.075344,0.050925,1.000000;;
      }

      Frame stormcrow_Bone18 {
       

       FrameTransformMatrix {
        0.999993,-0.003723,-0.000000,0.000000,0.003723,0.999993,0.000000,0.000000,0.000000,-0.000000,1.000000,0.000000,0.100665,-0.087881,0.000000,1.000000;;
       }
      }

      Frame stormcrow_Bone47 {
       

       FrameTransformMatrix {
        1.000000,0.000000,0.000000,0.000000,0.000000,1.000000,0.000000,0.000000,0.000000,0.000000,1.000000,0.000000,0.182517,-0.231027,0.002552,1.000000;;
       }
      }

      Frame stormcrow_Bone48_Breath {
       

       FrameTransformMatrix {
        1.000000,0.000000,0.000000,0.000000,0.000000,1.000000,0.000000,0.000000,0.000000,0.000000,1.000000,0.000000,0.000000,0.000000,0.000000,1.000000;;
       }
      }

      Frame stormcrow_Bone49_CHD {
       

       FrameTransformMatrix {
        1.000000,0.000000,0.000000,0.000000,0.000000,1.000000,0.000000,0.000000,0.000000,0.000000,1.000000,0.000000,0.000000,0.000000,0.000000,1.000000;;
       }
      }
     }

     Frame stormcrow_Bone46 {
      

      FrameTransformMatrix {
       1.000000,0.000000,0.000000,0.000000,0.000000,1.000000,0.000000,0.000000,0.000000,0.000000,1.000000,0.000000,0.112931,-0.222560,0.000000,1.000000;;
      }

      Frame stormcrow_Bone50 {
       

       FrameTransformMatrix {
        1.000000,0.000000,0.000000,0.000000,0.000000,1.000000,0.000000,0.000000,0.000000,0.000000,1.000000,0.000000,0.000000,0.000000,0.000000,1.000000;;
       }
      }
     }
    }

    Frame stormcrow_Bone7 {
     

     FrameTransformMatrix {
      0.976931,0.171535,0.127204,0.000000,-0.171535,0.275506,0.945871,0.000000,0.127204,-0.945871,0.298575,0.000000,0.196349,0.007735,0.169610,1.000000;;
     }

     Frame stormcrow_Bone12_Head {
      

      FrameTransformMatrix {
       0.999936,-0.000946,0.011274,0.000000,-0.002235,0.960335,0.278839,0.000000,-0.011091,-0.278847,0.960272,0.000000,-0.099437,0.127412,0.548323,1.000000;;
      }

      Frame stormcrow_Bone19_Jaw {
       

       FrameTransformMatrix {
        0.971859,0.192778,-0.135376,0.000000,-0.234454,0.735898,-0.635205,0.000000,-0.022831,0.649069,0.760386,0.000000,0.004488,0.185886,1.315881,1.000000;;
       }

       Frame stormcrow_Bone53 {
        

        FrameTransformMatrix {
         1.000000,0.000000,0.000000,0.000000,0.000000,1.000000,0.000000,0.000000,0.000000,0.000000,1.000000,0.000000,0.436058,0.010488,1.299520,1.000000;;
        }
       }
      }
     }
    }

    Frame stormcrow_Bone8 {
     

     FrameTransformMatrix {
      0.974312,0.127045,-0.185944,0.000000,-0.211404,0.231409,-0.949610,0.000000,-0.077614,0.964525,0.252323,0.000000,0.196350,0.007735,-0.169610,1.000000;;
     }

     Frame stormcrow_Bone13 {
      

      FrameTransformMatrix {
       1.000000,0.000407,-0.001204,0.000000,-0.000529,0.994619,-0.103595,0.000000,0.001156,0.103595,0.994619,0.000000,-0.099439,0.127411,-0.548323,1.000000;;
      }

      Frame stormcrow_Bone20 {
       

       FrameTransformMatrix {
        0.971990,0.215449,0.093894,0.000000,-0.215962,0.661200,0.718453,0.000000,0.092707,-0.718607,0.689209,0.000000,0.004492,0.185884,-1.315881,1.000000;;
       }

       Frame stormcrow_Bone54 {
        

        FrameTransformMatrix {
         1.000000,0.000000,0.000000,0.000000,0.000000,1.000000,0.000000,0.000000,0.000000,0.000000,1.000000,0.000000,0.436055,0.010491,-1.299519,1.000000;;
        }
       }
      }
     }
    }

    Frame stormcrow_Bone44 {
     

     FrameTransformMatrix {
      1.000000,0.000000,0.000000,0.000000,0.000000,1.000000,0.000000,0.000000,0.000000,0.000000,1.000000,0.000000,0.097621,-0.214910,0.002552,1.000000;;
     }
    }
   }

   Frame stormcrow_Bone3 {
    

    FrameTransformMatrix {
     0.863194,-0.461478,0.204780,0.000000,0.464056,0.884980,0.038227,0.000000,-0.198867,0.062032,0.978062,0.000000,-0.007115,-0.129525,0.105630,1.000000;;
    }

    Frame stormcrow_Bone9 {
     

     FrameTransformMatrix {
      0.993119,0.114706,-0.023592,0.000000,-0.114919,0.993343,-0.007874,0.000000,0.022532,0.010531,0.999691,0.000000,-0.081141,-0.213217,0.036292,1.000000;;
     }

     Frame stormcrow_Bone14 {
      

      FrameTransformMatrix {
       0.976783,0.209267,-0.045853,0.000000,-0.210567,0.977244,-0.025580,0.000000,0.039457,0.034642,0.998620,0.000000,0.025048,-0.235994,0.049391,1.000000;;
      }

      Frame stormcrow_Bone21 {
       

       FrameTransformMatrix {
        0.999812,-0.019337,0.001434,0.000000,0.019340,0.999811,-0.002120,0.000000,-0.001392,0.002147,0.999997,0.000000,0.077864,-0.035532,-0.037846,1.000000;;
       }

       Frame stormcrow_Bone29 {
        

        FrameTransformMatrix {
         0.971775,0.234836,-0.022494,0.000000,-0.234279,0.971851,0.024862,0.000000,0.027699,-0.018890,0.999438,0.000000,0.168941,0.014774,-0.017337,1.000000;;
        }
       }
      }

      Frame stormcrow_Bone22 {
       

       FrameTransformMatrix {
        0.999191,-0.040141,-0.002460,0.000000,0.040153,0.999180,0.005162,0.000000,0.002251,-0.005256,0.999983,0.000000,0.100520,-0.014484,0.030199,1.000000;;
       }

       Frame stormcrow_Bone30 {
        

        FrameTransformMatrix {
         0.971961,0.234903,0.010587,0.000000,-0.234489,0.971633,-0.030738,0.000000,-0.017507,0.027394,0.999471,0.000000,0.139143,0.018012,0.018330,1.000000;;
        }
       }
      }

      Frame stormcrow_Bone23 {
       

       FrameTransformMatrix {
        0.999321,-0.036041,-0.007723,0.000000,0.036163,0.999212,0.016351,0.000000,0.007128,-0.016619,0.999837,0.000000,0.055442,-0.026194,0.075669,1.000000;;
       }

       Frame stormcrow_Bone31 {
        

        FrameTransformMatrix {
         0.976186,0.213995,0.035605,0.000000,-0.209538,0.972604,-0.100679,0.000000,-0.056175,0.090821,0.994281,0.000000,0.151628,0.041744,0.077633,1.000000;;
        }
       }
      }

      Frame stormcrow_Bone24 {
       

       FrameTransformMatrix {
        1.000000,0.000000,0.000000,0.000000,0.000000,1.000000,0.000000,0.000000,0.000000,0.000000,1.000000,0.000000,-0.077316,-0.010313,-0.014141,1.000000;;
       }
      }
     }
    }
   }

   Frame stormcrow_Bone4 {
    

    FrameTransformMatrix {
     0.998507,0.050086,0.021829,0.000000,-0.049609,0.998529,-0.021866,0.000000,-0.022892,0.020750,0.999522,0.000000,-0.008351,-0.103098,-0.108849,1.000000;;
    }

    Frame stormcrow_Bone10 {
     

     FrameTransformMatrix {
      0.997114,-0.074331,-0.015450,0.000000,0.074255,0.997225,-0.005403,0.000000,0.015809,0.004240,0.999866,0.000000,-0.081150,-0.213194,-0.036409,1.000000;;
     }

     Frame stormcrow_Bone15 {
      

      FrameTransformMatrix {
       0.912239,-0.368803,0.178335,0.000000,0.397438,0.691238,-0.603517,0.000000,0.099307,0.621429,0.777151,0.000000,0.025058,-0.236017,-0.049273,1.000000;;
      }

      Frame stormcrow_Bone25 {
       

       FrameTransformMatrix {
        0.749246,-0.654965,-0.098243,0.000000,0.661220,0.748194,0.054713,0.000000,0.037670,-0.105954,0.993657,0.000000,0.077768,-0.035553,0.038023,1.000000;;
       }

       Frame stormcrow_Bone32 {
        

        FrameTransformMatrix {
         0.888935,-0.457456,-0.022973,0.000000,0.457812,0.888947,0.013500,0.000000,0.014246,-0.022518,0.999645,0.000000,0.168910,0.014710,0.017697,1.000000;;
        }
       }
      }

      Frame stormcrow_Bone26 {
       

       FrameTransformMatrix {
        0.704872,-0.709324,0.003762,0.000000,0.706647,0.701731,-0.090679,0.000000,0.061681,0.066576,0.995873,0.000000,0.100578,-0.014533,-0.029979,1.000000;;
       }

       Frame stormcrow_Bone33 {
        

        FrameTransformMatrix {
         0.819769,-0.572604,0.010189,0.000000,0.572593,0.819158,-0.033416,0.000000,0.010787,0.033227,0.999390,0.000000,0.139188,0.017951,-0.018035,1.000000;;
        }
       }
      }

      Frame stormcrow_Bone27 {
       

       FrameTransformMatrix {
        0.599250,-0.787826,0.142231,0.000000,0.747451,0.486960,-0.451870,0.000000,0.286735,0.377094,0.880672,0.000000,0.055593,-0.026237,-0.075542,1.000000;;
       }

       Frame stormcrow_Bone34 {
        

        FrameTransformMatrix {
         0.826460,-0.545302,0.140034,0.000000,0.562808,0.806638,-0.180507,0.000000,-0.014526,0.227995,0.973554,0.000000,0.151812,0.041661,-0.077318,1.000000;;
        }
       }
      }

      Frame stormcrow_Bone28 {
       

       FrameTransformMatrix {
        1.000000,0.000000,0.000000,0.000000,0.000000,1.000000,0.000000,0.000000,0.000000,0.000000,1.000000,0.000000,-0.077352,-0.010278,0.013977,1.000000;;
       }
      }
     }
    }
   }

   Frame stormcrow_Bone40 {
    

    FrameTransformMatrix {
     1.000000,0.000000,0.000000,0.000000,0.000000,1.000000,0.000000,0.000000,0.000000,0.000000,1.000000,0.000000,-0.420712,-0.004012,0.000000,1.000000;;
    }
   }

   Frame stormcrow_Bone41 {
    

    FrameTransformMatrix {
     1.000000,0.000000,0.000000,0.000000,0.000000,1.000000,0.000000,0.000000,0.000000,0.000000,1.000000,0.000000,-0.420712,-0.004012,0.000000,1.000000;;
    }
   }

   Frame stormcrow_Bone42 {
    

    FrameTransformMatrix {
     1.000000,0.000000,0.000000,0.000000,0.000000,1.000000,0.000000,0.000000,0.000000,0.000000,1.000000,0.000000,0.142116,-0.246378,0.000000,1.000000;;
    }
   }

   Frame stormcrow_Bone43 {
    

    FrameTransformMatrix {
     1.000000,0.000000,0.000000,0.000000,0.000000,1.000000,0.000000,0.000000,0.000000,0.000000,1.000000,0.000000,0.143389,-0.254558,0.000000,1.000000;;
    }
   }
  }

  Frame stormcrow_Bone35 {
   

   FrameTransformMatrix {
    1.000000,0.000000,0.000000,0.000000,0.000000,1.000000,0.000000,0.000000,0.000000,0.000000,1.000000,0.000000,0.650800,4.451079,0.002552,1.000000;;
   }
  }

  Frame stormcrow_Bone36_Name {
   

   FrameTransformMatrix {
    1.000000,0.000000,0.000000,0.000000,0.000000,1.000000,0.000000,0.000000,0.000000,0.000000,1.000000,0.000000,0.492166,0.000000,0.000000,1.000000;;
   }
  }

  Frame stormcrow_Bone37 {
   

   FrameTransformMatrix {
    1.000000,0.000000,0.000000,0.000000,0.000000,1.000000,0.000000,0.000000,0.000000,0.000000,1.000000,0.000000,0.973898,3.729120,0.002552,1.000000;;
   }
  }

  Frame stormcrow_Bone38 {
   

   FrameTransformMatrix {
    1.000000,0.000000,0.000000,0.000000,0.000000,1.000000,0.000000,0.000000,0.000000,0.000000,1.000000,0.000000,0.000000,0.000000,0.000000,1.000000;;
   }
  }

  Frame stormcrow_Bone39 {
   

   FrameTransformMatrix {
    1.000000,0.000000,0.000000,0.000000,0.000000,1.000000,0.000000,0.000000,0.000000,0.000000,1.000000,0.000000,0.000000,0.000000,0.000000,1.000000;;
   }
  }
 }

 Frame stormcrow_0 {
  

  FrameTransformMatrix {
   1.000000,0.000000,0.000000,0.000000,0.000000,1.000000,0.000000,0.000000,0.000000,0.000000,1.000000,0.000000,0.000000,0.000000,0.000000,1.000000;;
  }

  Mesh {
   156;
   0.105756;0.688857;-1.160694;,
   0.151349;0.777144;-1.097602;,
   0.132093;0.721099;-1.085250;,
   0.151349;0.777144;-1.097602;,
   0.105756;0.688857;-1.160694;,
   0.070298;0.722492;-1.198523;,
   0.151349;0.777144;-1.097602;,
   0.070298;0.722492;-1.198523;,
   0.121978;0.792390;-1.099101;,
   0.070298;0.722492;-1.198523;,
   0.106113;0.742913;-1.030150;,
   0.121978;0.792390;-1.099101;,
   0.106113;0.742913;-1.030150;,
   0.139229;0.864834;-0.976766;,
   0.121978;0.792390;-1.099101;,
   0.106113;0.742913;-1.030150;,
   0.191465;0.793677;-0.953979;,
   0.139229;0.864834;-0.976766;,
   0.237861;0.878302;-0.891830;,
   0.139229;0.864834;-0.976766;,
   0.191465;0.793677;-0.953979;,
   0.191465;0.793677;-0.953979;,
   0.161301;0.849692;-0.985689;,
   0.237861;0.878302;-0.891830;,
   0.232556;0.907847;-0.906097;,
   0.237861;0.878302;-0.891830;,
   0.161301;0.849692;-0.985689;,
   0.121978;0.792390;-1.099101;,
   0.139229;0.864834;-0.976766;,
   0.151349;0.777144;-1.097602;,
   0.161301;0.849692;-0.985689;,
   0.151349;0.777144;-1.097602;,
   0.139229;0.864834;-0.976766;,
   0.132093;0.721099;-1.085250;,
   0.151349;0.777144;-1.097602;,
   0.161301;0.849692;-0.985689;,
   0.161301;0.849692;-0.985689;,
   0.191465;0.793677;-0.953979;,
   0.132093;0.721099;-1.085250;,
   0.141685;0.677920;-1.072897;,
   0.132093;0.721099;-1.085250;,
   0.191465;0.793677;-0.953979;,
   0.141685;0.677920;-1.072897;,
   0.191465;0.793677;-0.953979;,
   0.106113;0.742913;-1.030150;,
   0.106113;0.742913;-1.030150;,
   0.096464;0.699594;-1.092036;,
   0.141685;0.677920;-1.072897;,
   0.070298;0.722492;-1.198523;,
   0.096464;0.699594;-1.092036;,
   0.106113;0.742913;-1.030150;,
   0.096464;0.699594;-1.092036;,
   0.070298;0.722492;-1.198523;,
   0.105756;0.688857;-1.160694;,
   0.096464;0.699594;-1.092036;,
   0.105756;0.688857;-1.160694;,
   0.141685;0.677920;-1.072897;,
   0.139229;0.864834;-0.976766;,
   0.215578;0.920422;-0.899299;,
   0.161301;0.849692;-0.985689;,
   0.139229;0.864834;-0.976766;,
   0.237861;0.878302;-0.891830;,
   0.215578;0.920422;-0.899299;,
   0.315620;0.938351;-0.831621;,
   0.215578;0.920422;-0.899299;,
   0.237861;0.878302;-0.891830;,
   0.237861;0.878302;-0.891830;,
   0.232556;0.907847;-0.906097;,
   0.315620;0.938351;-0.831621;,
   0.232556;0.907847;-0.906097;,
   0.161301;0.849692;-0.985689;,
   0.215578;0.920422;-0.899299;,
   0.215578;0.920422;-0.899299;,
   0.315620;0.938351;-0.831621;,
   0.232556;0.907847;-0.906097;,
   -0.132094;0.721099;-1.085250;,
   -0.105756;0.688857;-1.160695;,
   -0.141685;0.677920;-1.072897;,
   -0.105756;0.688857;-1.160695;,
   -0.096464;0.699594;-1.092036;,
   -0.141685;0.677920;-1.072897;,
   -0.096464;0.699594;-1.092036;,
   -0.106113;0.742913;-1.030150;,
   -0.141685;0.677920;-1.072897;,
   -0.096464;0.699594;-1.092036;,
   -0.070298;0.722492;-1.198523;,
   -0.106113;0.742913;-1.030150;,
   -0.106113;0.742913;-1.030150;,
   -0.070298;0.722492;-1.198523;,
   -0.121979;0.792390;-1.099101;,
   -0.070298;0.722492;-1.198523;,
   -0.151349;0.777144;-1.097602;,
   -0.121979;0.792390;-1.099101;,
   -0.139229;0.864834;-0.976766;,
   -0.121979;0.792390;-1.099101;,
   -0.151349;0.777144;-1.097602;,
   -0.151349;0.777144;-1.097602;,
   -0.161302;0.849692;-0.985689;,
   -0.139229;0.864834;-0.976766;,
   -0.215578;0.920422;-0.899299;,
   -0.139229;0.864834;-0.976766;,
   -0.161302;0.849692;-0.985689;,
   -0.161302;0.849692;-0.985689;,
   -0.232557;0.907847;-0.906097;,
   -0.215578;0.920422;-0.899299;,
   -0.237861;0.878302;-0.891831;,
   -0.232557;0.907847;-0.906097;,
   -0.161302;0.849692;-0.985689;,
   -0.315620;0.938351;-0.831621;,
   -0.215578;0.920422;-0.899299;,
   -0.232557;0.907847;-0.906097;,
   -0.232557;0.907847;-0.906097;,
   -0.237861;0.878302;-0.891831;,
   -0.315620;0.938351;-0.831621;,
   -0.215578;0.920422;-0.899299;,
   -0.315620;0.938351;-0.831621;,
   -0.237861;0.878302;-0.891831;,
   -0.070298;0.722492;-1.198523;,
   -0.096464;0.699594;-1.092036;,
   -0.105756;0.688857;-1.160695;,
   -0.105756;0.688857;-1.160695;,
   -0.151349;0.777144;-1.097602;,
   -0.070298;0.722492;-1.198523;,
   -0.151349;0.777144;-1.097602;,
   -0.105756;0.688857;-1.160695;,
   -0.132094;0.721099;-1.085250;,
   -0.151349;0.777144;-1.097602;,
   -0.132094;0.721099;-1.085250;,
   -0.161302;0.849692;-0.985689;,
   -0.191466;0.793677;-0.953980;,
   -0.161302;0.849692;-0.985689;,
   -0.132094;0.721099;-1.085250;,
   -0.161302;0.849692;-0.985689;,
   -0.191466;0.793677;-0.953980;,
   -0.237861;0.878302;-0.891831;,
   -0.139229;0.864834;-0.976766;,
   -0.237861;0.878302;-0.891831;,
   -0.191466;0.793677;-0.953980;,
   -0.237861;0.878302;-0.891831;,
   -0.139229;0.864834;-0.976766;,
   -0.215578;0.920422;-0.899299;,
   -0.132094;0.721099;-1.085250;,
   -0.141685;0.677920;-1.072897;,
   -0.191466;0.793677;-0.953980;,
   -0.191466;0.793677;-0.953980;,
   -0.141685;0.677920;-1.072897;,
   -0.106113;0.742913;-1.030150;,
   -0.191466;0.793677;-0.953980;,
   -0.106113;0.742913;-1.030150;,
   -0.139229;0.864834;-0.976766;,
   -0.139229;0.864834;-0.976766;,
   -0.106113;0.742913;-1.030150;,
   -0.121979;0.792390;-1.099101;,
   0.105756;0.688857;-1.160694;,
   0.132093;0.721099;-1.085250;,
   0.141685;0.677920;-1.072897;;
   52;
   3;0,1,2;,
   3;3,4,5;,
   3;6,7,8;,
   3;9,10,11;,
   3;12,13,14;,
   3;15,16,17;,
   3;18,19,20;,
   3;21,22,23;,
   3;24,25,26;,
   3;27,28,29;,
   3;30,31,32;,
   3;33,34,35;,
   3;36,37,38;,
   3;39,40,41;,
   3;42,43,44;,
   3;45,46,47;,
   3;48,49,50;,
   3;51,52,53;,
   3;54,55,56;,
   3;57,58,59;,
   3;60,61,62;,
   3;63,64,65;,
   3;66,67,68;,
   3;69,70,71;,
   3;72,73,74;,
   3;75,76,77;,
   3;78,79,80;,
   3;81,82,83;,
   3;84,85,86;,
   3;87,88,89;,
   3;90,91,92;,
   3;93,94,95;,
   3;96,97,98;,
   3;99,100,101;,
   3;102,103,104;,
   3;105,106,107;,
   3;108,109,110;,
   3;111,112,113;,
   3;114,115,116;,
   3;117,118,119;,
   3;120,121,122;,
   3;123,124,125;,
   3;126,127,128;,
   3;129,130,131;,
   3;132,133,134;,
   3;135,136,137;,
   3;138,139,140;,
   3;141,142,143;,
   3;144,145,146;,
   3;147,148,149;,
   3;150,151,152;,
   3;153,154,155;;

   MeshNormals {
    156;
    0.229201;-0.813684;-0.534215;,
    0.889866;0.235682;-0.390632;,
    0.953839;-0.091002;-0.286199;,
    0.889866;0.235682;-0.390632;,
    0.229201;-0.813684;-0.534215;,
    -0.476420;0.000395;-0.879218;,
    0.889866;0.235682;-0.390632;,
    -0.476420;0.000395;-0.879218;,
    -0.332899;0.844336;-0.419852;,
    -0.476420;0.000395;-0.879218;,
    -0.814416;-0.227821;0.533690;,
    -0.332899;0.844336;-0.419852;,
    -0.814416;-0.227821;0.533690;,
    -0.666990;0.735093;0.121498;,
    -0.332899;0.844336;-0.419852;,
    -0.814416;-0.227821;0.533690;,
    0.641910;-0.429078;0.635487;,
    -0.666990;0.735093;0.121498;,
    0.379778;-0.823807;0.420845;,
    -0.666990;0.735093;0.121498;,
    0.641910;-0.429078;0.635487;,
    0.641910;-0.429078;0.635487;,
    0.600188;0.491069;-0.631367;,
    0.379778;-0.823807;0.420845;,
    0.561272;0.341702;-0.753799;,
    0.379778;-0.823807;0.420845;,
    0.600188;0.491069;-0.631367;,
    -0.332899;0.844336;-0.419852;,
    -0.666990;0.735093;0.121498;,
    0.889866;0.235682;-0.390632;,
    0.600188;0.491069;-0.631367;,
    0.889866;0.235682;-0.390632;,
    -0.666990;0.735093;0.121498;,
    0.953839;-0.091002;-0.286199;,
    0.889866;0.235682;-0.390632;,
    0.600188;0.491069;-0.631367;,
    0.600188;0.491069;-0.631367;,
    0.641910;-0.429078;0.635487;,
    0.953839;-0.091002;-0.286199;,
    0.481932;-0.866632;0.129190;,
    0.953839;-0.091002;-0.286199;,
    0.641910;-0.429078;0.635487;,
    0.481932;-0.866632;0.129190;,
    0.641910;-0.429078;0.635487;,
    -0.814416;-0.227821;0.533690;,
    -0.814416;-0.227821;0.533690;,
    -0.779161;-0.569330;0.262244;,
    0.481932;-0.866632;0.129190;,
    -0.476420;0.000395;-0.879218;,
    -0.779161;-0.569330;0.262244;,
    -0.814416;-0.227821;0.533690;,
    -0.779161;-0.569330;0.262244;,
    -0.476420;0.000395;-0.879218;,
    0.229201;-0.813684;-0.534215;,
    -0.779161;-0.569330;0.262244;,
    0.229201;-0.813684;-0.534215;,
    0.481932;-0.866632;0.129190;,
    -0.666990;0.735093;0.121498;,
    -0.525336;0.828062;0.195794;,
    0.600188;0.491069;-0.631367;,
    -0.666990;0.735093;0.121498;,
    0.379778;-0.823807;0.420845;,
    -0.525336;0.828062;0.195794;,
    0.749024;0.315972;0.582344;,
    -0.525336;0.828062;0.195794;,
    0.379778;-0.823807;0.420845;,
    0.379778;-0.823807;0.420845;,
    0.561272;0.341702;-0.753799;,
    0.749024;0.315972;0.582344;,
    0.561272;0.341702;-0.753799;,
    0.600188;0.491069;-0.631367;,
    -0.525336;0.828062;0.195794;,
    -0.525336;0.828062;0.195794;,
    0.749024;0.315972;0.582344;,
    0.561272;0.341702;-0.753799;,
    -0.953839;-0.091002;-0.286199;,
    -0.229201;-0.813684;-0.534215;,
    -0.481932;-0.866632;0.129190;,
    -0.229201;-0.813684;-0.534215;,
    0.779161;-0.569330;0.262244;,
    -0.481932;-0.866632;0.129190;,
    0.779161;-0.569330;0.262244;,
    0.814416;-0.227820;0.533690;,
    -0.481932;-0.866632;0.129190;,
    0.779161;-0.569330;0.262244;,
    0.476421;0.000394;-0.879217;,
    0.814416;-0.227820;0.533690;,
    0.814416;-0.227820;0.533690;,
    0.476421;0.000394;-0.879217;,
    0.332899;0.844336;-0.419852;,
    0.476421;0.000394;-0.879217;,
    -0.889865;0.235681;-0.390633;,
    0.332899;0.844336;-0.419852;,
    0.666990;0.735094;0.121498;,
    0.332899;0.844336;-0.419852;,
    -0.889865;0.235681;-0.390633;,
    -0.889865;0.235681;-0.390633;,
    -0.600190;0.491068;-0.631367;,
    0.666990;0.735094;0.121498;,
    0.525335;0.828063;0.195793;,
    0.666990;0.735094;0.121498;,
    -0.600190;0.491068;-0.631367;,
    -0.600190;0.491068;-0.631367;,
    -0.561273;0.341701;-0.753799;,
    0.525335;0.828063;0.195793;,
    -0.379779;-0.823807;0.420845;,
    -0.561273;0.341701;-0.753799;,
    -0.600190;0.491068;-0.631367;,
    -0.290090;0.727659;-0.621578;,
    0.525335;0.828063;0.195793;,
    -0.561273;0.341701;-0.753799;,
    -0.561273;0.341701;-0.753799;,
    -0.379779;-0.823807;0.420845;,
    0.096718;-0.639490;0.762691;,
    0.525335;0.828063;0.195793;,
    0.096718;-0.639490;0.762691;,
    -0.379779;-0.823807;0.420845;,
    0.476421;0.000394;-0.879217;,
    0.779161;-0.569330;0.262244;,
    -0.229201;-0.813684;-0.534215;,
    -0.229201;-0.813684;-0.534215;,
    -0.889865;0.235681;-0.390633;,
    0.476421;0.000394;-0.879217;,
    -0.889865;0.235681;-0.390633;,
    -0.229201;-0.813684;-0.534215;,
    -0.953839;-0.091002;-0.286199;,
    -0.889865;0.235681;-0.390633;,
    -0.953839;-0.091002;-0.286199;,
    -0.600190;0.491068;-0.631367;,
    -0.641910;-0.429080;0.635486;,
    -0.600190;0.491068;-0.631367;,
    -0.953839;-0.091002;-0.286199;,
    -0.600190;0.491068;-0.631367;,
    -0.641910;-0.429080;0.635486;,
    -0.379779;-0.823807;0.420845;,
    0.666990;0.735094;0.121498;,
    -0.379779;-0.823807;0.420845;,
    -0.641910;-0.429080;0.635486;,
    -0.379779;-0.823807;0.420845;,
    0.666990;0.735094;0.121498;,
    0.525335;0.828063;0.195793;,
    -0.953839;-0.091002;-0.286199;,
    -0.481932;-0.866632;0.129190;,
    -0.641910;-0.429080;0.635486;,
    -0.641910;-0.429080;0.635486;,
    -0.481932;-0.866632;0.129190;,
    0.814416;-0.227820;0.533690;,
    -0.641910;-0.429080;0.635486;,
    0.814416;-0.227820;0.533690;,
    0.666990;0.735094;0.121498;,
    0.666990;0.735094;0.121498;,
    0.814416;-0.227820;0.533690;,
    0.332899;0.844336;-0.419852;,
    0.229201;-0.813684;-0.534215;,
    0.953839;-0.091002;-0.286199;,
    0.481932;-0.866632;0.129190;;
    52;
    3;0,1,2;,
    3;3,4,5;,
    3;6,7,8;,
    3;9,10,11;,
    3;12,13,14;,
    3;15,16,17;,
    3;18,19,20;,
    3;21,22,23;,
    3;24,25,26;,
    3;27,28,29;,
    3;30,31,32;,
    3;33,34,35;,
    3;36,37,38;,
    3;39,40,41;,
    3;42,43,44;,
    3;45,46,47;,
    3;48,49,50;,
    3;51,52,53;,
    3;54,55,56;,
    3;57,58,59;,
    3;60,61,62;,
    3;63,64,65;,
    3;66,67,68;,
    3;69,70,71;,
    3;72,73,74;,
    3;75,76,77;,
    3;78,79,80;,
    3;81,82,83;,
    3;84,85,86;,
    3;87,88,89;,
    3;90,91,92;,
    3;93,94,95;,
    3;96,97,98;,
    3;99,100,101;,
    3;102,103,104;,
    3;105,106,107;,
    3;108,109,110;,
    3;111,112,113;,
    3;114,115,116;,
    3;117,118,119;,
    3;120,121,122;,
    3;123,124,125;,
    3;126,127,128;,
    3;129,130,131;,
    3;132,133,134;,
    3;135,136,137;,
    3;138,139,140;,
    3;141,142,143;,
    3;144,145,146;,
    3;147,148,149;,
    3;150,151,152;,
    3;153,154,155;;
   }

   MeshTextureCoords {
    156;
    0.550781;0.988281;,
    0.539063;0.902344;,
    0.578125;0.947266;,
    0.539063;0.902344;,
    0.550781;0.988281;,
    0.503906;0.949219;,
    0.539063;0.902344;,
    0.503906;0.949219;,
    0.503906;0.898438;,
    0.503906;0.949219;,
    0.539063;0.902344;,
    0.503906;0.898438;,
    0.539063;0.902344;,
    0.507813;0.800781;,
    0.503906;0.898438;,
    0.539063;0.902344;,
    0.617188;0.800781;,
    0.507813;0.800781;,
    0.574219;0.632813;,
    0.507813;0.800781;,
    0.617188;0.800781;,
    0.617188;0.800781;,
    0.542969;0.800781;,
    0.574219;0.632813;,
    0.546875;0.632813;,
    0.574219;0.632813;,
    0.542969;0.800781;,
    0.503906;0.898438;,
    0.507813;0.800781;,
    0.539063;0.902344;,
    0.542969;0.800781;,
    0.539063;0.902344;,
    0.507813;0.800781;,
    0.578125;0.947266;,
    0.539063;0.902344;,
    0.542969;0.800781;,
    0.542969;0.800781;,
    0.617188;0.800781;,
    0.578125;0.947266;,
    0.617188;0.992188;,
    0.578125;0.947266;,
    0.617188;0.800781;,
    0.617188;0.992188;,
    0.617188;0.800781;,
    0.539063;0.902344;,
    0.539063;0.902344;,
    0.597656;0.917969;,
    0.617188;0.992188;,
    0.503906;0.949219;,
    0.597656;0.917969;,
    0.539063;0.902344;,
    0.597656;0.917969;,
    0.503906;0.949219;,
    0.550781;0.988281;,
    0.597656;0.917969;,
    0.550781;0.988281;,
    0.617188;0.992188;,
    0.507813;0.800781;,
    0.519531;0.632813;,
    0.542969;0.800781;,
    0.507813;0.800781;,
    0.574219;0.632813;,
    0.519531;0.632813;,
    0.542969;0.566406;,
    0.519531;0.632813;,
    0.574219;0.632813;,
    0.574219;0.632813;,
    0.546875;0.632813;,
    0.542969;0.566406;,
    0.546875;0.632813;,
    0.542969;0.800781;,
    0.519531;0.632813;,
    0.519531;0.632813;,
    0.542969;0.566406;,
    0.546875;0.632813;,
    0.578125;0.947266;,
    0.550781;0.988281;,
    0.617188;0.992188;,
    0.550781;0.988281;,
    0.597656;0.917969;,
    0.617188;0.992188;,
    0.597656;0.917969;,
    0.539063;0.902344;,
    0.617188;0.992188;,
    0.597656;0.917969;,
    0.503906;0.949219;,
    0.539063;0.902344;,
    0.539063;0.902344;,
    0.503906;0.949219;,
    0.503906;0.898438;,
    0.503906;0.949219;,
    0.539063;0.902344;,
    0.503906;0.898438;,
    0.507813;0.800781;,
    0.503906;0.898438;,
    0.539063;0.902344;,
    0.539063;0.902344;,
    0.542969;0.800781;,
    0.507813;0.800781;,
    0.519531;0.632813;,
    0.507813;0.800781;,
    0.542969;0.800781;,
    0.542969;0.800781;,
    0.546875;0.632813;,
    0.519531;0.632813;,
    0.574219;0.632813;,
    0.546875;0.632813;,
    0.542969;0.800781;,
    0.542969;0.566406;,
    0.519531;0.632813;,
    0.546875;0.632813;,
    0.546875;0.632813;,
    0.574219;0.632813;,
    0.542969;0.566406;,
    0.519531;0.632813;,
    0.542969;0.566406;,
    0.574219;0.632813;,
    0.503906;0.949219;,
    0.597656;0.917969;,
    0.550781;0.988281;,
    0.550781;0.988281;,
    0.539063;0.902344;,
    0.503906;0.949219;,
    0.539063;0.902344;,
    0.550781;0.988281;,
    0.578125;0.947266;,
    0.539063;0.902344;,
    0.578125;0.947266;,
    0.542969;0.800781;,
    0.617188;0.800781;,
    0.542969;0.800781;,
    0.578125;0.947266;,
    0.542969;0.800781;,
    0.617188;0.800781;,
    0.574219;0.632813;,
    0.507813;0.800781;,
    0.574219;0.632813;,
    0.617188;0.800781;,
    0.574219;0.632813;,
    0.507813;0.800781;,
    0.519531;0.632813;,
    0.578125;0.947266;,
    0.617188;0.992188;,
    0.617188;0.800781;,
    0.617188;0.800781;,
    0.617188;0.992188;,
    0.539063;0.902344;,
    0.617188;0.800781;,
    0.539063;0.902344;,
    0.507813;0.800781;,
    0.507813;0.800781;,
    0.539063;0.902344;,
    0.503906;0.898438;,
    0.550781;0.988281;,
    0.578125;0.947266;,
    0.617188;0.992188;;
   }

   MeshVertexColors {
    156;
    0;1.000000;1.000000;1.000000;0.000000;;,
    1;1.000000;1.000000;1.000000;0.000000;;,
    2;1.000000;1.000000;1.000000;0.000000;;,
    3;1.000000;1.000000;1.000000;0.000000;;,
    4;1.000000;1.000000;1.000000;0.000000;;,
    5;1.000000;1.000000;1.000000;0.000000;;,
    6;1.000000;1.000000;1.000000;0.000000;;,
    7;1.000000;1.000000;1.000000;0.000000;;,
    8;1.000000;1.000000;1.000000;0.000000;;,
    9;1.000000;1.000000;1.000000;0.000000;;,
    10;1.000000;1.000000;1.000000;0.000000;;,
    11;1.000000;1.000000;1.000000;0.000000;;,
    12;1.000000;1.000000;1.000000;0.000000;;,
    13;1.000000;1.000000;1.000000;0.000000;;,
    14;1.000000;1.000000;1.000000;0.000000;;,
    15;1.000000;1.000000;1.000000;0.000000;;,
    16;1.000000;1.000000;1.000000;0.000000;;,
    17;1.000000;1.000000;1.000000;0.000000;;,
    18;1.000000;1.000000;1.000000;0.000000;;,
    19;1.000000;1.000000;1.000000;0.000000;;,
    20;1.000000;1.000000;1.000000;0.000000;;,
    21;1.000000;1.000000;1.000000;0.000000;;,
    22;1.000000;1.000000;1.000000;0.000000;;,
    23;1.000000;1.000000;1.000000;0.000000;;,
    24;1.000000;1.000000;1.000000;0.000000;;,
    25;1.000000;1.000000;1.000000;0.000000;;,
    26;1.000000;1.000000;1.000000;0.000000;;,
    27;1.000000;1.000000;1.000000;0.000000;;,
    28;1.000000;1.000000;1.000000;0.000000;;,
    29;1.000000;1.000000;1.000000;0.000000;;,
    30;1.000000;1.000000;1.000000;0.000000;;,
    31;1.000000;1.000000;1.000000;0.000000;;,
    32;1.000000;1.000000;1.000000;0.000000;;,
    33;1.000000;1.000000;1.000000;0.000000;;,
    34;1.000000;1.000000;1.000000;0.000000;;,
    35;1.000000;1.000000;1.000000;0.000000;;,
    36;1.000000;1.000000;1.000000;0.000000;;,
    37;1.000000;1.000000;1.000000;0.000000;;,
    38;1.000000;1.000000;1.000000;0.000000;;,
    39;1.000000;1.000000;1.000000;0.000000;;,
    40;1.000000;1.000000;1.000000;0.000000;;,
    41;1.000000;1.000000;1.000000;0.000000;;,
    42;1.000000;1.000000;1.000000;0.000000;;,
    43;1.000000;1.000000;1.000000;0.000000;;,
    44;1.000000;1.000000;1.000000;0.000000;;,
    45;1.000000;1.000000;1.000000;0.000000;;,
    46;1.000000;1.000000;1.000000;0.000000;;,
    47;1.000000;1.000000;1.000000;0.000000;;,
    48;1.000000;1.000000;1.000000;0.000000;;,
    49;1.000000;1.000000;1.000000;0.000000;;,
    50;1.000000;1.000000;1.000000;0.000000;;,
    51;1.000000;1.000000;1.000000;0.000000;;,
    52;1.000000;1.000000;1.000000;0.000000;;,
    53;1.000000;1.000000;1.000000;0.000000;;,
    54;1.000000;1.000000;1.000000;0.000000;;,
    55;1.000000;1.000000;1.000000;0.000000;;,
    56;1.000000;1.000000;1.000000;0.000000;;,
    57;1.000000;1.000000;1.000000;0.000000;;,
    58;1.000000;1.000000;1.000000;0.000000;;,
    59;1.000000;1.000000;1.000000;0.000000;;,
    60;1.000000;1.000000;1.000000;0.000000;;,
    61;1.000000;1.000000;1.000000;0.000000;;,
    62;1.000000;1.000000;1.000000;0.000000;;,
    63;1.000000;1.000000;1.000000;0.000000;;,
    64;1.000000;1.000000;1.000000;0.000000;;,
    65;1.000000;1.000000;1.000000;0.000000;;,
    66;1.000000;1.000000;1.000000;0.000000;;,
    67;1.000000;1.000000;1.000000;0.000000;;,
    68;1.000000;1.000000;1.000000;0.000000;;,
    69;1.000000;1.000000;1.000000;0.000000;;,
    70;1.000000;1.000000;1.000000;0.000000;;,
    71;1.000000;1.000000;1.000000;0.000000;;,
    72;1.000000;1.000000;1.000000;0.000000;;,
    73;1.000000;1.000000;1.000000;0.000000;;,
    74;1.000000;1.000000;1.000000;0.000000;;,
    75;1.000000;1.000000;1.000000;0.000000;;,
    76;1.000000;1.000000;1.000000;0.000000;;,
    77;1.000000;1.000000;1.000000;0.000000;;,
    78;1.000000;1.000000;1.000000;0.000000;;,
    79;1.000000;1.000000;1.000000;0.000000;;,
    80;1.000000;1.000000;1.000000;0.000000;;,
    81;1.000000;1.000000;1.000000;0.000000;;,
    82;1.000000;1.000000;1.000000;0.000000;;,
    83;1.000000;1.000000;1.000000;0.000000;;,
    84;1.000000;1.000000;1.000000;0.000000;;,
    85;1.000000;1.000000;1.000000;0.000000;;,
    86;1.000000;1.000000;1.000000;0.000000;;,
    87;1.000000;1.000000;1.000000;0.000000;;,
    88;1.000000;1.000000;1.000000;0.000000;;,
    89;1.000000;1.000000;1.000000;0.000000;;,
    90;1.000000;1.000000;1.000000;0.000000;;,
    91;1.000000;1.000000;1.000000;0.000000;;,
    92;1.000000;1.000000;1.000000;0.000000;;,
    93;1.000000;1.000000;1.000000;0.000000;;,
    94;1.000000;1.000000;1.000000;0.000000;;,
    95;1.000000;1.000000;1.000000;0.000000;;,
    96;1.000000;1.000000;1.000000;0.000000;;,
    97;1.000000;1.000000;1.000000;0.000000;;,
    98;1.000000;1.000000;1.000000;0.000000;;,
    99;1.000000;1.000000;1.000000;0.000000;;,
    100;1.000000;1.000000;1.000000;0.000000;;,
    101;1.000000;1.000000;1.000000;0.000000;;,
    102;1.000000;1.000000;1.000000;0.000000;;,
    103;1.000000;1.000000;1.000000;0.000000;;,
    104;1.000000;1.000000;1.000000;0.000000;;,
    105;1.000000;1.000000;1.000000;0.000000;;,
    106;1.000000;1.000000;1.000000;0.000000;;,
    107;1.000000;1.000000;1.000000;0.000000;;,
    108;1.000000;1.000000;1.000000;0.000000;;,
    109;1.000000;1.000000;1.000000;0.000000;;,
    110;1.000000;1.000000;1.000000;0.000000;;,
    111;1.000000;1.000000;1.000000;0.000000;;,
    112;1.000000;1.000000;1.000000;0.000000;;,
    113;1.000000;1.000000;1.000000;0.000000;;,
    114;1.000000;1.000000;1.000000;0.000000;;,
    115;1.000000;1.000000;1.000000;0.000000;;,
    116;1.000000;1.000000;1.000000;0.000000;;,
    117;1.000000;1.000000;1.000000;0.000000;;,
    118;1.000000;1.000000;1.000000;0.000000;;,
    119;1.000000;1.000000;1.000000;0.000000;;,
    120;1.000000;1.000000;1.000000;0.000000;;,
    121;1.000000;1.000000;1.000000;0.000000;;,
    122;1.000000;1.000000;1.000000;0.000000;;,
    123;1.000000;1.000000;1.000000;0.000000;;,
    124;1.000000;1.000000;1.000000;0.000000;;,
    125;1.000000;1.000000;1.000000;0.000000;;,
    126;1.000000;1.000000;1.000000;0.000000;;,
    127;1.000000;1.000000;1.000000;0.000000;;,
    128;1.000000;1.000000;1.000000;0.000000;;,
    129;1.000000;1.000000;1.000000;0.000000;;,
    130;1.000000;1.000000;1.000000;0.000000;;,
    131;1.000000;1.000000;1.000000;0.000000;;,
    132;1.000000;1.000000;1.000000;0.000000;;,
    133;1.000000;1.000000;1.000000;0.000000;;,
    134;1.000000;1.000000;1.000000;0.000000;;,
    135;1.000000;1.000000;1.000000;0.000000;;,
    136;1.000000;1.000000;1.000000;0.000000;;,
    137;1.000000;1.000000;1.000000;0.000000;;,
    138;1.000000;1.000000;1.000000;0.000000;;,
    139;1.000000;1.000000;1.000000;0.000000;;,
    140;1.000000;1.000000;1.000000;0.000000;;,
    141;1.000000;1.000000;1.000000;0.000000;;,
    142;1.000000;1.000000;1.000000;0.000000;;,
    143;1.000000;1.000000;1.000000;0.000000;;,
    144;1.000000;1.000000;1.000000;0.000000;;,
    145;1.000000;1.000000;1.000000;0.000000;;,
    146;1.000000;1.000000;1.000000;0.000000;;,
    147;1.000000;1.000000;1.000000;0.000000;;,
    148;1.000000;1.000000;1.000000;0.000000;;,
    149;1.000000;1.000000;1.000000;0.000000;;,
    150;1.000000;1.000000;1.000000;0.000000;;,
    151;1.000000;1.000000;1.000000;0.000000;;,
    152;1.000000;1.000000;1.000000;0.000000;;,
    153;1.000000;1.000000;1.000000;0.000000;;,
    154;1.000000;1.000000;1.000000;0.000000;;,
    155;1.000000;1.000000;1.000000;0.000000;;;
   }

   MeshMaterialList {
    1;
    52;
    0,
    0,
    0,
    0,
    0,
    0,
    0,
    0,
    0,
    0,
    0,
    0,
    0,
    0,
    0,
    0,
    0,
    0,
    0,
    0,
    0,
    0,
    0,
    0,
    0,
    0,
    0,
    0,
    0,
    0,
    0,
    0,
    0,
    0,
    0,
    0,
    0,
    0,
    0,
    0,
    0,
    0,
    0,
    0,
    0,
    0,
    0,
    0,
    0,
    0,
    0,
    0;

    Material {
     1.000000;1.000000;1.000000;1.000000;;
     0.000000;
     1.000000;1.000000;1.000000;;
     0.000000;0.000000;0.000000;;
    }
   }

   VertexDuplicationIndices {
    156;
    30;
    0,
    1,
    2,
    1,
    0,
    5,
    1,
    5,
    8,
    5,
    10,
    8,
    10,
    13,
    8,
    10,
    16,
    13,
    18,
    13,
    16,
    16,
    22,
    18,
    24,
    18,
    22,
    8,
    13,
    1,
    22,
    1,
    13,
    2,
    1,
    22,
    22,
    16,
    2,
    39,
    2,
    16,
    39,
    16,
    10,
    10,
    46,
    39,
    5,
    46,
    10,
    46,
    5,
    0,
    46,
    0,
    39,
    13,
    58,
    22,
    13,
    18,
    58,
    63,
    58,
    18,
    18,
    24,
    63,
    24,
    22,
    58,
    58,
    63,
    24,
    75,
    76,
    77,
    76,
    79,
    77,
    79,
    82,
    77,
    79,
    85,
    82,
    82,
    85,
    89,
    85,
    91,
    89,
    93,
    89,
    91,
    91,
    97,
    93,
    99,
    93,
    97,
    97,
    103,
    99,
    105,
    103,
    97,
    108,
    99,
    103,
    103,
    105,
    108,
    99,
    108,
    105,
    85,
    79,
    76,
    76,
    91,
    85,
    91,
    76,
    75,
    91,
    75,
    97,
    129,
    97,
    75,
    97,
    129,
    105,
    93,
    105,
    129,
    105,
    93,
    99,
    75,
    77,
    129,
    129,
    77,
    82,
    129,
    82,
    93,
    93,
    82,
    89,
